0.4
1
47
4 3 4 5
4 5 5 9
5 9 6 5
6 5 7 5
7 5 8 9
8 9 9 5
9 5 10 5
10 5 11 9
11 9 12 5
12 5 13 5
13 5 14 9
14 9 15 5
15 5 16 5
16 5 17 9
17 9 18 5
18 5 19 5
19 5 20 9
20 9 21 5
21 5 22 5
22 5 23 9
23 9 24 5
24 5 25 5
25 5 26 9
26 9 27 5
27 5 28 5
28 5 29 9
29 9 30 5
30 5 31 5
31 5 32 9
32 9 33 5
33 5 34 5
34 5 35 9
35 9 36 5
36 5 37 5
37 5 38 9
38 9 39 5
39 5 40 5
40 5 41 9
41 9 42 5
42 5 43 5
43 5 44 9
44 9 45 5
45 5 46 5
46 5 47 9
47 9 48 5
48 5 48 3
48 3 4 3
15
4.1 4
4.2 4
4.3 4
4.4 4
4.5 4
4.6 4
4.7 4
4.8 4
4.9 4
5.0 4
5.1 4
5.2 4
5.3 4
5.4 4
5.5 4
