0.4
1
152
4 3 4 5
4 5 5 9
5 9 6 5
6 5 7 5
7 5 8 9
8 9 9 5
9 5 10 5
10 5 11 9
11 9 12 5
12 5 13 5
13 5 14 9
14 9 15 5
15 5 16 5
16 5 17 9
17 9 18 5
18 5 19 5
19 5 20 9
20 9 21 5
21 5 22 5
22 5 23 9
23 9 24 5
24 5 25 5
25 5 26 9
26 9 27 5
27 5 28 5
28 5 29 9
29 9 30 5
30 5 31 5
31 5 32 9
32 9 33 5
33 5 34 5
34 5 35 9
35 9 36 5
36 5 37 5
37 5 38 9
38 9 39 5
39 5 40 5
40 5 41 9
41 9 42 5
42 5 43 5
43 5 44 9
44 9 45 5
45 5 46 5
46 5 47 9
47 9 48 5
48 5 49 5
49 5 50 9
50 9 51 5
51 5 52 5
52 5 53 9
53 9 54 5
54 5 55 5
55 5 56 9
56 9 57 5
57 5 58 5
58 5 59 9
59 9 60 5
60 5 61 5
61 5 62 9
62 9 63 5
63 5 64 5
64 5 65 9
65 9 66 5
66 5 67 5
67 5 68 9
68 9 69 5
69 5 70 5
70 5 71 9
71 9 72 5
72 5 73 5
73 5 74 9
74 9 75 5
75 5 76 5
76 5 77 9
77 9 78 5
78 5 79 5
79 5 80 9
80 9 81 5
81 5 82 5
82 5 83 9
83 9 84 5
84 5 85 5
85 5 86 9
86 9 87 5
87 5 88 5
88 5 89 9
89 9 90 5
90 5 91 5
91 5 92 9
92 9 93 5
93 5 94 5
94 5 95 9
95 9 96 5
96 5 97 5
97 5 98 9
98 9 99 5
99 5 100 5
100 5 101 9
101 9 102 5
102 5 103 5
103 5 104 9
104 9 105 5
105 5 106 5
106 5 107 9
107 9 108 5
108 5 109 5
109 5 110 9
110 9 111 5
111 5 112 5
112 5 113 9
113 9 114 5
114 5 115 5
115 5 116 9
116 9 117 5
117 5 118 5
118 5 119 9
119 9 120 5
120 5 121 5
121 5 122 9
122 9 123 5
123 5 124 5
124 5 125 9
125 9 126 5
126 5 127 5
127 5 128 9
128 9 129 5
129 5 130 5
130 5 131 9
131 9 132 5
132 5 133 5
133 5 134 9
134 9 135 5
135 5 136 5
136 5 137 9
137 9 138 5
138 5 139 5
139 5 140 9
140 9 141 5
141 5 142 5
142 5 143 9
143 9 144 5
144 5 145 5
145 5 146 9
146 9 147 5
147 5 148 5
148 5 149 9
149 9 150 5
150 5 151 5
151 5 152 9
152 9 153 5
153 5 153 3
153 3 4 3
50
4.1 4
4.2 4
4.3 4
4.4 4
4.5 4
4.6 4
4.7 4
4.8 4
4.9 4
5.0 4
5.1 4
5.2 4
5.3 4
5.4 4
5.5 4
5.6 4
5.7 4
5.8 4
5.9 4
6.0 4
6.1 4
6.2 4
6.300000000000001 4
6.4 4
6.5 4
6.6 4
6.7 4
6.800000000000001 4
6.9 4
7.0 4
7.1 4
7.2 4
7.300000000000001 4
7.4 4
7.5 4
7.6 4
7.7 4
7.800000000000001 4
7.9 4
8.0 4
8.100000000000001 4
8.2 4
8.3 4
8.4 4
8.5 4
8.600000000000001 4
8.7 4
8.8 4
8.9 4
9.0 4
