0.4
1
302
4 3 4 5
4 5 5 9
5 9 6 5
6 5 7 5
7 5 8 9
8 9 9 5
9 5 10 5
10 5 11 9
11 9 12 5
12 5 13 5
13 5 14 9
14 9 15 5
15 5 16 5
16 5 17 9
17 9 18 5
18 5 19 5
19 5 20 9
20 9 21 5
21 5 22 5
22 5 23 9
23 9 24 5
24 5 25 5
25 5 26 9
26 9 27 5
27 5 28 5
28 5 29 9
29 9 30 5
30 5 31 5
31 5 32 9
32 9 33 5
33 5 34 5
34 5 35 9
35 9 36 5
36 5 37 5
37 5 38 9
38 9 39 5
39 5 40 5
40 5 41 9
41 9 42 5
42 5 43 5
43 5 44 9
44 9 45 5
45 5 46 5
46 5 47 9
47 9 48 5
48 5 49 5
49 5 50 9
50 9 51 5
51 5 52 5
52 5 53 9
53 9 54 5
54 5 55 5
55 5 56 9
56 9 57 5
57 5 58 5
58 5 59 9
59 9 60 5
60 5 61 5
61 5 62 9
62 9 63 5
63 5 64 5
64 5 65 9
65 9 66 5
66 5 67 5
67 5 68 9
68 9 69 5
69 5 70 5
70 5 71 9
71 9 72 5
72 5 73 5
73 5 74 9
74 9 75 5
75 5 76 5
76 5 77 9
77 9 78 5
78 5 79 5
79 5 80 9
80 9 81 5
81 5 82 5
82 5 83 9
83 9 84 5
84 5 85 5
85 5 86 9
86 9 87 5
87 5 88 5
88 5 89 9
89 9 90 5
90 5 91 5
91 5 92 9
92 9 93 5
93 5 94 5
94 5 95 9
95 9 96 5
96 5 97 5
97 5 98 9
98 9 99 5
99 5 100 5
100 5 101 9
101 9 102 5
102 5 103 5
103 5 104 9
104 9 105 5
105 5 106 5
106 5 107 9
107 9 108 5
108 5 109 5
109 5 110 9
110 9 111 5
111 5 112 5
112 5 113 9
113 9 114 5
114 5 115 5
115 5 116 9
116 9 117 5
117 5 118 5
118 5 119 9
119 9 120 5
120 5 121 5
121 5 122 9
122 9 123 5
123 5 124 5
124 5 125 9
125 9 126 5
126 5 127 5
127 5 128 9
128 9 129 5
129 5 130 5
130 5 131 9
131 9 132 5
132 5 133 5
133 5 134 9
134 9 135 5
135 5 136 5
136 5 137 9
137 9 138 5
138 5 139 5
139 5 140 9
140 9 141 5
141 5 142 5
142 5 143 9
143 9 144 5
144 5 145 5
145 5 146 9
146 9 147 5
147 5 148 5
148 5 149 9
149 9 150 5
150 5 151 5
151 5 152 9
152 9 153 5
153 5 154 5
154 5 155 9
155 9 156 5
156 5 157 5
157 5 158 9
158 9 159 5
159 5 160 5
160 5 161 9
161 9 162 5
162 5 163 5
163 5 164 9
164 9 165 5
165 5 166 5
166 5 167 9
167 9 168 5
168 5 169 5
169 5 170 9
170 9 171 5
171 5 172 5
172 5 173 9
173 9 174 5
174 5 175 5
175 5 176 9
176 9 177 5
177 5 178 5
178 5 179 9
179 9 180 5
180 5 181 5
181 5 182 9
182 9 183 5
183 5 184 5
184 5 185 9
185 9 186 5
186 5 187 5
187 5 188 9
188 9 189 5
189 5 190 5
190 5 191 9
191 9 192 5
192 5 193 5
193 5 194 9
194 9 195 5
195 5 196 5
196 5 197 9
197 9 198 5
198 5 199 5
199 5 200 9
200 9 201 5
201 5 202 5
202 5 203 9
203 9 204 5
204 5 205 5
205 5 206 9
206 9 207 5
207 5 208 5
208 5 209 9
209 9 210 5
210 5 211 5
211 5 212 9
212 9 213 5
213 5 214 5
214 5 215 9
215 9 216 5
216 5 217 5
217 5 218 9
218 9 219 5
219 5 220 5
220 5 221 9
221 9 222 5
222 5 223 5
223 5 224 9
224 9 225 5
225 5 226 5
226 5 227 9
227 9 228 5
228 5 229 5
229 5 230 9
230 9 231 5
231 5 232 5
232 5 233 9
233 9 234 5
234 5 235 5
235 5 236 9
236 9 237 5
237 5 238 5
238 5 239 9
239 9 240 5
240 5 241 5
241 5 242 9
242 9 243 5
243 5 244 5
244 5 245 9
245 9 246 5
246 5 247 5
247 5 248 9
248 9 249 5
249 5 250 5
250 5 251 9
251 9 252 5
252 5 253 5
253 5 254 9
254 9 255 5
255 5 256 5
256 5 257 9
257 9 258 5
258 5 259 5
259 5 260 9
260 9 261 5
261 5 262 5
262 5 263 9
263 9 264 5
264 5 265 5
265 5 266 9
266 9 267 5
267 5 268 5
268 5 269 9
269 9 270 5
270 5 271 5
271 5 272 9
272 9 273 5
273 5 274 5
274 5 275 9
275 9 276 5
276 5 277 5
277 5 278 9
278 9 279 5
279 5 280 5
280 5 281 9
281 9 282 5
282 5 283 5
283 5 284 9
284 9 285 5
285 5 286 5
286 5 287 9
287 9 288 5
288 5 289 5
289 5 290 9
290 9 291 5
291 5 292 5
292 5 293 9
293 9 294 5
294 5 295 5
295 5 296 9
296 9 297 5
297 5 298 5
298 5 299 9
299 9 300 5
300 5 301 5
301 5 302 9
302 9 303 5
303 5 303 3
303 3 4 3
100
4.1 4
4.2 4
4.3 4
4.4 4
4.5 4
4.6 4
4.7 4
4.8 4
4.9 4
5.0 4
5.1 4
5.2 4
5.3 4
5.4 4
5.5 4
5.6 4
5.7 4
5.8 4
5.9 4
6.0 4
6.1 4
6.2 4
6.300000000000001 4
6.4 4
6.5 4
6.6 4
6.7 4
6.800000000000001 4
6.9 4
7.0 4
7.1 4
7.2 4
7.300000000000001 4
7.4 4
7.5 4
7.6 4
7.7 4
7.800000000000001 4
7.9 4
8.0 4
8.100000000000001 4
8.2 4
8.3 4
8.4 4
8.5 4
8.600000000000001 4
8.7 4
8.8 4
8.9 4
9.0 4
9.100000000000001 4
9.2 4
9.3 4
9.4 4
9.5 4
9.600000000000001 4
9.7 4
9.8 4
9.9 4
10.0 4
10.100000000000001 4
10.2 4
10.3 4
10.4 4
10.5 4
10.600000000000001 4
10.7 4
10.8 4
10.9 4
11.0 4
11.100000000000001 4
11.2 4
11.3 4
11.4 4
11.5 4
11.600000000000001 4
11.7 4
11.8 4
11.9 4
12.0 4
12.1 4
12.200000000000001 4
12.3 4
12.4 4
12.5 4
12.6 4
12.700000000000001 4
12.8 4
12.9 4
13.0 4
13.1 4
13.200000000000001 4
13.3 4
13.4 4
13.5 4
13.600000000000001 4
13.700000000000001 4
13.8 4
13.9 4
14.0 4
