0.3
1
38
0 4 2 4
2 4 2 6
2 6 2.5 4
2.5 4 4 4
4 4 4 280/47
4 280/47 8 294/47
8 294/47 8 4
8 4 12 4
12 4 12 2486/375
12 2486/375 16 1776/375
16 1776/375 16 4
16 4 101/6 4
101/6 4 104/6 4.15
104/6 4.15 104/6 4
104/6 4 19 4
19 4 19 6.5
19 6.5 19.6 4
19.6 4 20 4
20 4 20 0
20 0 19 0
19 0 19 -2.5
19 -2.5 18.4 0
18.4 0 16 0
16 0 16 -36/21
16 -36/21 12 -34/21
12 -34/21 12 0
12 0 8 0
8 0 8 -18/19
8 -18/19 4 -12/19
4 -12/19 4 0
4 0 3.5 0
3.5 0 3 -0.15
3 -0.15 3 0
3 0 2 0
2 0 2 -2.5
2 -2.5 1.5 0
1.5 0 0 0
0 0 0 4
3
2 0.59
19 1.71
10.57 2.12
5 0
5.5 0
6 0
6.5 0